    unsorted:	 1840.717509 1851.604188 1880.913744 1897.887033 1908.734350 1954.588983 1968.942072 1993.874022 2008.697569 2040.539835 1778.793977 2106.600082 2112.717636 2162.000565 2186.735650 1771.064830 2259.269653 2273.438128 2297.345562 2348.371660 2401.656810 2424.400059 2504.428192 2512.948509 2484.477518 2535.218798 1702.168820 2668.139337 2674.238173 2634.097500 2689.921976 2718.850438 1668.573088 2774.147650 1624.913779 1609.436085 1565.205812 1566.563999 1541.552869 2832.312488 2875.428421 2885.662732 2939.822688 2967.380530 1459.880591 3041.589536 3101.040358 3095.350010 3161.523331 3168.246036 3185.012446 1386.554252 1387.630444 1363.823049 1350.636661 3277.592667 3310.002498 1235.332033 1210.185567 3413.346182 3467.993330 3533.671791 3594.711424 3681.632303 3765.594646 3837.209951 939.5952876 3933.203693 4040.316174 4159.503127 4291.378857 4707.383460 4703.941855 4892.022572 5697.067317 9163.397342 375451.7554 1057350.904 9452848.420
      sorted:	 939.5952876 1210.185567 1235.332033 1350.636661 1363.823049 1386.554252 1387.630444 1459.880591 1541.552869 1565.205812 1566.563999 1609.436085 1624.913779 1668.573088 1702.168820 1771.064830 1778.793977 1840.717509 1851.604188 1880.913744 1897.887033 1908.734350 1954.588983 1968.942072 1993.874022 2008.697569 2040.539835 2106.600082 2112.717636 2162.000565 2186.735650 2259.269653 2273.438128 2297.345562 2348.371660 2401.656810 2424.400059 2484.477518 2504.428192 2512.948509 2535.218798 2634.097500 2668.139337 2674.238173 2689.921976 2718.850438 2774.147650 2832.312488 2875.428421 2885.662732 2939.822688 2967.380530 3041.589536 3095.350010 3101.040358 3161.523331 3168.246036 3185.012446 3277.592667 3310.002498 3413.346182 3467.993330 3533.671791 3594.711424 3681.632303 3765.594646 3837.209951 3933.203693 4040.316174 4159.503127 4291.378857 4703.941855 4707.383460 4892.022572 5697.067317 9163.397342 375451.7554 1057350.904 9452848.420
