    unsorted:	 1495.243368 1495.794124 1488.075010 1483.303760 1479.081201 1499.700973 1504.832492 1473.708539 1517.436170 1528.393294 1532.667178 1535.058950 1466.907899 1549.435843 1557.580061 1572.286003 1580.385891 1588.075086 1454.030733 1448.630531 1442.575070 1598.199261 1603.544157 1615.443134 1623.853412 1629.427059 1434.988392 1644.555775 1658.254506 1665.571495 1671.949777 1675.002025 1697.697178 1699.589095 1709.811082 1721.489714 1724.593881 1730.190035 1737.952662 1397.148627 1752.302061 1383.292021 1767.526520 1372.913920 1366.081391 1789.238260 1312.150055 1301.514142 1838.717392 1868.864146 1877.983606 1903.052296 1242.225308 1225.487197 1946.305282 1182.447332 1995.246007 2049.932536 1089.319651 1067.834450 1058.174096 928.4327843 2255.859241 802.3612331 2490.002137 2783.098690 2933.691744 3426.342058 3376.052770 3570.633284 3718.812282 4297.000038 4767.528925 5109.093471 5564.036438 6635.046526 9376.069266 246321.0319 3488583.693
      sorted:	 802.3612331 928.4327843 1058.174096 1067.834450 1089.319651 1182.447332 1225.487197 1242.225308 1301.514142 1312.150055 1366.081391 1372.913920 1383.292021 1397.148627 1434.988392 1442.575070 1448.630531 1454.030733 1466.907899 1473.708539 1479.081201 1483.303760 1488.075010 1495.243368 1495.794124 1499.700973 1504.832492 1517.436170 1528.393294 1532.667178 1535.058950 1549.435843 1557.580061 1572.286003 1580.385891 1588.075086 1598.199261 1603.544157 1615.443134 1623.853412 1629.427059 1644.555775 1658.254506 1665.571495 1671.949777 1675.002025 1697.697178 1699.589095 1709.811082 1721.489714 1724.593881 1730.190035 1737.952662 1752.302061 1767.526520 1789.238260 1838.717392 1868.864146 1877.983606 1903.052296 1946.305282 1995.246007 2049.932536 2255.859241 2490.002137 2783.098690 2933.691744 3376.052770 3426.342058 3570.633284 3718.812282 4297.000038 4767.528925 5109.093471 5564.036438 6635.046526 9376.069266 246321.0319 3488583.693
